479 607
64 64 64
                                                                                                                                                                                       
2 1 0 64 128 XOR
2 1 1 65 129 XOR
2 1 2 66 130 XOR
2 1 3 67 131 XOR
2 1 4 68 132 XOR
2 1 5 69 133 XOR
2 1 6 70 134 XOR
2 1 7 71 135 XOR
2 1 8 72 136 XOR
2 1 9 73 137 XOR
2 1 10 74 138 XOR
2 1 11 75 139 XOR
2 1 12 76 140 XOR
2 1 13 77 141 XOR
2 1 14 78 142 XOR
2 1 15 79 143 XOR
2 1 16 80 144 XOR
2 1 17 81 145 XOR
2 1 18 82 146 XOR
2 1 19 83 147 XOR
2 1 20 84 148 XOR
2 1 21 85 149 XOR
2 1 22 86 150 XOR
2 1 23 87 151 XOR
2 1 24 88 152 XOR
2 1 25 89 153 XOR
2 1 26 90 154 XOR
2 1 27 91 155 XOR
2 1 28 92 156 XOR
2 1 29 93 157 XOR
2 1 30 94 158 XOR
2 1 31 95 159 XOR
2 1 32 96 160 XOR
2 1 33 97 161 XOR
2 1 34 98 162 XOR
2 1 35 99 163 XOR
2 1 36 100 164 XOR
2 1 37 101 165 XOR
2 1 38 102 166 XOR
2 1 39 103 167 XOR
2 1 40 104 168 XOR
2 1 41 105 169 XOR
2 1 42 106 170 XOR
2 1 43 107 171 XOR
2 1 44 108 172 XOR
2 1 45 109 173 XOR
2 1 46 110 174 XOR
2 1 47 111 175 XOR
2 1 48 112 176 XOR
2 1 49 113 177 XOR
2 1 50 114 178 XOR
2 1 51 115 179 XOR
2 1 52 116 180 XOR
2 1 53 117 181 XOR
2 1 54 118 182 XOR
2 1 55 119 183 XOR
2 1 56 120 184 XOR
2 1 57 121 185 XOR
2 1 58 122 186 XOR
2 1 59 123 187 XOR
2 1 60 124 188 XOR
2 1 61 125 189 XOR
2 1 62 126 190 XOR
2 1 63 127 191 XOR
2 1 160 128 192 XOR
2 1 192 128 193 AND
2 1 161 129 194 XOR
2 1 193 129 195 XOR
2 1 194 193 196 XOR
2 1 194 195 197 AND
2 1 193 197 198 XOR
2 1 162 130 199 XOR
2 1 198 130 200 XOR
2 1 199 198 201 XOR
2 1 199 200 202 AND
2 1 198 202 203 XOR
2 1 163 131 204 XOR
2 1 203 131 205 XOR
2 1 204 203 206 XOR
2 1 204 205 207 AND
2 1 203 207 208 XOR
2 1 164 132 209 XOR
2 1 208 132 210 XOR
2 1 209 208 211 XOR
2 1 209 210 212 AND
2 1 208 212 213 XOR
2 1 165 133 214 XOR
2 1 213 133 215 XOR
2 1 214 213 216 XOR
2 1 214 215 217 AND
2 1 213 217 218 XOR
2 1 166 134 219 XOR
2 1 218 134 220 XOR
2 1 219 218 221 XOR
2 1 219 220 222 AND
2 1 218 222 223 XOR
2 1 167 135 224 XOR
2 1 223 135 225 XOR
2 1 224 223 226 XOR
2 1 224 225 227 AND
2 1 223 227 228 XOR
2 1 168 136 229 XOR
2 1 228 136 230 XOR
2 1 229 228 231 XOR
2 1 229 230 232 AND
2 1 228 232 233 XOR
2 1 169 137 234 XOR
2 1 233 137 235 XOR
2 1 234 233 236 XOR
2 1 234 235 237 AND
2 1 233 237 238 XOR
2 1 170 138 239 XOR
2 1 238 138 240 XOR
2 1 239 238 241 XOR
2 1 239 240 242 AND
2 1 238 242 243 XOR
2 1 171 139 244 XOR
2 1 243 139 245 XOR
2 1 244 243 246 XOR
2 1 244 245 247 AND
2 1 243 247 248 XOR
2 1 172 140 249 XOR
2 1 248 140 250 XOR
2 1 249 248 251 XOR
2 1 249 250 252 AND
2 1 248 252 253 XOR
2 1 173 141 254 XOR
2 1 253 141 255 XOR
2 1 254 253 256 XOR
2 1 254 255 257 AND
2 1 253 257 258 XOR
2 1 174 142 259 XOR
2 1 258 142 260 XOR
2 1 259 258 261 XOR
2 1 259 260 262 AND
2 1 258 262 263 XOR
2 1 175 143 264 XOR
2 1 263 143 265 XOR
2 1 264 263 266 XOR
2 1 264 265 267 AND
2 1 263 267 268 XOR
2 1 176 144 269 XOR
2 1 268 144 270 XOR
2 1 269 268 271 XOR
2 1 269 270 272 AND
2 1 268 272 273 XOR
2 1 177 145 274 XOR
2 1 273 145 275 XOR
2 1 274 273 276 XOR
2 1 274 275 277 AND
2 1 273 277 278 XOR
2 1 178 146 279 XOR
2 1 278 146 280 XOR
2 1 279 278 281 XOR
2 1 279 280 282 AND
2 1 278 282 283 XOR
2 1 179 147 284 XOR
2 1 283 147 285 XOR
2 1 284 283 286 XOR
2 1 284 285 287 AND
2 1 283 287 288 XOR
2 1 180 148 289 XOR
2 1 288 148 290 XOR
2 1 289 288 291 XOR
2 1 289 290 292 AND
2 1 288 292 293 XOR
2 1 181 149 294 XOR
2 1 293 149 295 XOR
2 1 294 293 296 XOR
2 1 294 295 297 AND
2 1 293 297 298 XOR
2 1 182 150 299 XOR
2 1 298 150 300 XOR
2 1 299 298 301 XOR
2 1 299 300 302 AND
2 1 298 302 303 XOR
2 1 183 151 304 XOR
2 1 303 151 305 XOR
2 1 304 303 306 XOR
2 1 304 305 307 AND
2 1 303 307 308 XOR
2 1 184 152 309 XOR
2 1 308 152 310 XOR
2 1 309 308 311 XOR
2 1 309 310 312 AND
2 1 308 312 313 XOR
2 1 185 153 314 XOR
2 1 313 153 315 XOR
2 1 314 313 316 XOR
2 1 314 315 317 AND
2 1 313 317 318 XOR
2 1 186 154 319 XOR
2 1 318 154 320 XOR
2 1 319 318 321 XOR
2 1 319 320 322 AND
2 1 318 322 323 XOR
2 1 187 155 324 XOR
2 1 323 155 325 XOR
2 1 324 323 326 XOR
2 1 324 325 327 AND
2 1 323 327 328 XOR
2 1 188 156 329 XOR
2 1 328 156 330 XOR
2 1 329 328 331 XOR
2 1 329 330 332 AND
2 1 328 332 333 XOR
2 1 189 157 334 XOR
2 1 333 157 335 XOR
2 1 334 333 336 XOR
2 1 334 335 337 AND
2 1 333 337 338 XOR
2 1 190 158 339 XOR
2 1 338 158 340 XOR
2 1 339 338 341 XOR
2 1 339 340 342 AND
2 1 338 342 343 XOR
2 1 191 159 344 XOR
2 1 344 343 345 XOR
1 1 345 346 INV
1 1 346 347 INV
1 1 347 348 INV
1 1 348 349 INV
2 1 160 128 350 XOR
2 1 350 349 351 AND
2 1 160 351 352 XOR
2 1 161 129 353 XOR
2 1 353 349 354 AND
2 1 161 354 355 XOR
2 1 162 130 356 XOR
2 1 356 349 357 AND
2 1 162 357 358 XOR
2 1 163 131 359 XOR
2 1 359 349 360 AND
2 1 163 360 361 XOR
2 1 164 132 362 XOR
2 1 362 349 363 AND
2 1 164 363 364 XOR
2 1 165 133 365 XOR
2 1 365 349 366 AND
2 1 165 366 367 XOR
2 1 166 134 368 XOR
2 1 368 349 369 AND
2 1 166 369 370 XOR
2 1 167 135 371 XOR
2 1 371 349 372 AND
2 1 167 372 373 XOR
2 1 168 136 374 XOR
2 1 374 349 375 AND
2 1 168 375 376 XOR
2 1 169 137 377 XOR
2 1 377 349 378 AND
2 1 169 378 379 XOR
2 1 170 138 380 XOR
2 1 380 349 381 AND
2 1 170 381 382 XOR
2 1 171 139 383 XOR
2 1 383 349 384 AND
2 1 171 384 385 XOR
2 1 172 140 386 XOR
2 1 386 349 387 AND
2 1 172 387 388 XOR
2 1 173 141 389 XOR
2 1 389 349 390 AND
2 1 173 390 391 XOR
2 1 174 142 392 XOR
2 1 392 349 393 AND
2 1 174 393 394 XOR
2 1 175 143 395 XOR
2 1 395 349 396 AND
2 1 175 396 397 XOR
2 1 176 144 398 XOR
2 1 398 349 399 AND
2 1 176 399 400 XOR
2 1 177 145 401 XOR
2 1 401 349 402 AND
2 1 177 402 403 XOR
2 1 178 146 404 XOR
2 1 404 349 405 AND
2 1 178 405 406 XOR
2 1 179 147 407 XOR
2 1 407 349 408 AND
2 1 179 408 409 XOR
2 1 180 148 410 XOR
2 1 410 349 411 AND
2 1 180 411 412 XOR
2 1 181 149 413 XOR
2 1 413 349 414 AND
2 1 181 414 415 XOR
2 1 182 150 416 XOR
2 1 416 349 417 AND
2 1 182 417 418 XOR
2 1 183 151 419 XOR
2 1 419 349 420 AND
2 1 183 420 421 XOR
2 1 184 152 422 XOR
2 1 422 349 423 AND
2 1 184 423 424 XOR
2 1 185 153 425 XOR
2 1 425 349 426 AND
2 1 185 426 427 XOR
2 1 186 154 428 XOR
2 1 428 349 429 AND
2 1 186 429 430 XOR
2 1 187 155 431 XOR
2 1 431 349 432 AND
2 1 187 432 433 XOR
2 1 188 156 434 XOR
2 1 434 349 435 AND
2 1 188 435 436 XOR
2 1 189 157 437 XOR
2 1 437 349 438 AND
2 1 189 438 439 XOR
2 1 190 158 440 XOR
2 1 440 349 441 AND
2 1 190 441 442 XOR
2 1 191 159 443 XOR
2 1 443 349 444 AND
2 1 191 444 445 XOR
2 1 352 160 446 XOR
2 1 355 161 447 XOR
2 1 358 162 448 XOR
2 1 361 163 449 XOR
2 1 364 164 450 XOR
2 1 367 165 451 XOR
2 1 370 166 452 XOR
2 1 373 167 453 XOR
2 1 376 168 454 XOR
2 1 379 169 455 XOR
2 1 382 170 456 XOR
2 1 385 171 457 XOR
2 1 388 172 458 XOR
2 1 391 173 459 XOR
2 1 394 174 460 XOR
2 1 397 175 461 XOR
2 1 400 176 462 XOR
2 1 403 177 463 XOR
2 1 406 178 464 XOR
2 1 409 179 465 XOR
2 1 412 180 466 XOR
2 1 415 181 467 XOR
2 1 418 182 468 XOR
2 1 421 183 469 XOR
2 1 424 184 470 XOR
2 1 427 185 471 XOR
2 1 430 186 472 XOR
2 1 433 187 473 XOR
2 1 436 188 474 XOR
2 1 439 189 475 XOR
2 1 442 190 476 XOR
2 1 445 191 477 XOR
2 1 446 128 478 XOR
2 1 447 129 479 XOR
2 1 448 130 480 XOR
2 1 449 131 481 XOR
2 1 450 132 482 XOR
2 1 451 133 483 XOR
2 1 452 134 484 XOR
2 1 453 135 485 XOR
2 1 454 136 486 XOR
2 1 455 137 487 XOR
2 1 456 138 488 XOR
2 1 457 139 489 XOR
2 1 458 140 490 XOR
2 1 459 141 491 XOR
2 1 460 142 492 XOR
2 1 461 143 493 XOR
2 1 462 144 494 XOR
2 1 463 145 495 XOR
2 1 464 146 496 XOR
2 1 465 147 497 XOR
2 1 466 148 498 XOR
2 1 467 149 499 XOR
2 1 468 150 500 XOR
2 1 469 151 501 XOR
2 1 470 152 502 XOR
2 1 471 153 503 XOR
2 1 472 154 504 XOR
2 1 473 155 505 XOR
2 1 474 156 506 XOR
2 1 475 157 507 XOR
2 1 476 158 508 XOR
2 1 477 159 509 XOR
2 1 446 160 510 XOR
2 1 447 161 511 XOR
2 1 448 162 512 XOR
2 1 449 163 513 XOR
2 1 450 164 514 XOR
2 1 451 165 515 XOR
2 1 452 166 516 XOR
2 1 453 167 517 XOR
2 1 454 168 518 XOR
2 1 455 169 519 XOR
2 1 456 170 520 XOR
2 1 457 171 521 XOR
2 1 458 172 522 XOR
2 1 459 173 523 XOR
2 1 460 174 524 XOR
2 1 461 175 525 XOR
2 1 462 176 526 XOR
2 1 463 177 527 XOR
2 1 464 178 528 XOR
2 1 465 179 529 XOR
2 1 466 180 530 XOR
2 1 467 181 531 XOR
2 1 468 182 532 XOR
2 1 469 183 533 XOR
2 1 470 184 534 XOR
2 1 471 185 535 XOR
2 1 472 186 536 XOR
2 1 473 187 537 XOR
2 1 474 188 538 XOR
2 1 475 189 539 XOR
2 1 476 190 540 XOR
2 1 477 191 541 XOR
2 1 0 0 542 XOR
2 1 542 478 543 XOR
2 1 542 479 544 XOR
2 1 542 480 545 XOR
2 1 542 481 546 XOR
2 1 542 482 547 XOR
2 1 542 483 548 XOR
2 1 542 484 549 XOR
2 1 542 485 550 XOR
2 1 542 486 551 XOR
2 1 542 487 552 XOR
2 1 542 488 553 XOR
2 1 542 489 554 XOR
2 1 542 490 555 XOR
2 1 542 491 556 XOR
2 1 542 492 557 XOR
2 1 542 493 558 XOR
2 1 542 494 559 XOR
2 1 542 495 560 XOR
2 1 542 496 561 XOR
2 1 542 497 562 XOR
2 1 542 498 563 XOR
2 1 542 499 564 XOR
2 1 542 500 565 XOR
2 1 542 501 566 XOR
2 1 542 502 567 XOR
2 1 542 503 568 XOR
2 1 542 504 569 XOR
2 1 542 505 570 XOR
2 1 542 506 571 XOR
2 1 542 507 572 XOR
2 1 542 508 573 XOR
2 1 542 509 574 XOR
2 1 542 510 575 XOR
2 1 542 511 576 XOR
2 1 542 512 577 XOR
2 1 542 513 578 XOR
2 1 542 514 579 XOR
2 1 542 515 580 XOR
2 1 542 516 581 XOR
2 1 542 517 582 XOR
2 1 542 518 583 XOR
2 1 542 519 584 XOR
2 1 542 520 585 XOR
2 1 542 521 586 XOR
2 1 542 522 587 XOR
2 1 542 523 588 XOR
2 1 542 524 589 XOR
2 1 542 525 590 XOR
2 1 542 526 591 XOR
2 1 542 527 592 XOR
2 1 542 528 593 XOR
2 1 542 529 594 XOR
2 1 542 530 595 XOR
2 1 542 531 596 XOR
2 1 542 532 597 XOR
2 1 542 533 598 XOR
2 1 542 534 599 XOR
2 1 542 535 600 XOR
2 1 542 536 601 XOR
2 1 542 537 602 XOR
2 1 542 538 603 XOR
2 1 542 539 604 XOR
2 1 542 540 605 XOR
2 1 542 541 606 XOR
